0 279 169 333 235
0 388 297 450 367
0 508 48 554 124
0 506 326 576 384
1 461 247 525 285
1 407 3 457 61
1 182 65 248 113
1 303 120 345 178
1 261 139 287 199
1 343 194 381 252
1 364 246 410 296
1 278 256 330 300
1 194 210 258 288
1 125 249 159 307
1 126 311 166 369
1 24 257 96 291
1 13 219 73 257
1 51 155 113 191
1 139 146 173 214
1 130 0 182 34
1 481 125 513 201
1 482 287 526 331
1 449 282 475 346
1 558 298 616 332
1 314 315 366 359
1 294 295 324 353
0 238 275 298 337
1 414 357 492 389
1 346 386 416 418
1 354 343 382 399
