0 279 244 333 310
0 388 113 450 183
0 508 356 554 432
0 506 95 576 153
1 461 195 525 233
1 407 419 457 477
1 182 367 248 415
1 303 302 345 360
1 261 281 287 341
1 343 227 381 285
1 364 183 410 233
1 278 179 330 223
1 194 191 258 269
1 125 172 159 230
1 126 110 166 168
1 24 188 96 222
1 13 222 73 260
1 51 288 113 324
1 139 265 173 333
1 130 445 182 479
1 481 278 513 354
1 482 148 526 192
1 449 134 475 198
1 558 148 616 182
1 314 120 366 164
1 294 126 324 184
0 238 142 298 204
1 414 91 492 123
1 346 61 416 93
1 354 80 382 136
