0 456 256 540 300
0 268 80 306 162
0 98 67 140 143
0 99 176 151 246
0 176 234 250 284
0 173 274 213 350
1 121 168 181 198
1 195 204 239 246
1 295 161 361 191
1 389 188 419 254
1 285 200 335 246
1 335 196 373 256
1 487 179 557 207
1 473 203 517 255
1 507 281 565 319
0 470 322 544 378
1 275 294 305 360
1 252 275 274 333
1 295 240 329 302
1 329 246 367 308
1 362 260 394 326
1 300 302 364 340
1 0 155 64 183
1 11 196 45 254
1 28 36 80 74
1 134 111 192 147
1 189 117 223 187
1 211 98 253 152
1 101 285 169 319
1 206 376 278 404
1 544 355 618 379
0 27 320 91 400
0 162 330 206 394
1 208 292 250 334
