0 307 169 361 235
0 190 298 252 366
0 85 49 131 123
0 65 326 133 384
1 115 248 179 284
1 183 3 233 61
1 392 65 458 113
1 294 120 336 178
1 353 139 379 199
1 258 194 296 252
1 229 246 275 296
1 310 257 362 299
1 383 211 445 287
1 480 250 514 308
1 475 311 513 369
1 543 257 615 291
1 566 219 626 257
1 526 155 588 191
1 468 146 500 214
1 458 0 510 34
1 127 125 159 201
1 114 288 158 332
1 166 282 190 346
1 23 299 81 331
1 274 315 326 359
1 316 295 346 353
0 342 275 402 337
1 148 358 226 388
1 224 387 294 419
1 258 343 286 399
