0 325 231 381 297
0 497 325 565 371
0 438 283 498 343
0 429 336 489 390
0 584 160 640 216
1 560 114 600 170
1 598 95 640 147
1 605 17 635 75
1 515 19 559 75
1 325 131 363 195
1 236 181 296 215
1 230 219 266 283
1 332 287 386 337
1 297 292 327 352
1 270 260 306 322
0 225 279 259 361
1 194 272 226 338
1 109 295 145 355
1 167 316 215 370
1 437 220 469 282
1 459 251 523 281
1 524 295 596 327
1 302 207 362 235
1 73 182 113 246
1 38 213 76 277
1 57 255 87 319
1 84 248 126 302
1 29 293 61 361
0 0 356 60 394
