0 258 182 314 248
0 74 109 142 155
0 142 136 202 196
0 151 89 211 143
0 0 264 56 320
1 39 309 79 365
1 0 332 42 384
1 5 404 35 462
1 80 405 124 461
1 277 284 315 348
1 343 265 403 299
1 373 197 409 261
1 253 143 307 193
1 313 127 343 187
1 334 157 370 219
0 380 118 414 200
1 413 141 445 207
1 494 124 530 184
1 425 110 473 164
1 170 197 202 259
1 116 199 180 229
1 43 152 115 184
1 278 244 338 272
1 526 233 566 297
1 564 202 602 266
1 552 161 582 225
1 514 177 556 231
1 578 119 610 187
0 579 85 639 123
