0 258 231 314 297
0 74 326 142 370
0 142 284 202 344
0 152 337 210 391
0 0 161 56 215
1 39 114 79 170
1 0 96 42 148
1 6 18 34 76
1 80 20 124 74
1 277 131 315 195
1 343 181 403 215
1 373 220 409 282
1 253 287 307 337
1 314 293 342 353
1 335 260 369 322
0 381 279 413 361
1 414 272 446 338
1 494 295 530 355
1 425 316 473 370
1 170 221 202 283
1 116 251 180 281
1 43 295 115 327
1 279 207 337 235
1 526 182 566 246
1 565 215 601 277
1 552 256 582 318
1 514 248 556 302
1 578 294 610 360
0 579 356 639 394
