0 435 250 475 326
0 408 240 446 314
0 521 253 587 315
0 560 277 614 347
0 426 87 478 169
0 212 235 258 309
0 276 319 330 379
0 254 188 292 258
1 538 143 610 179
1 591 7 627 65
1 244 0 282 62
1 50 28 120 70
1 0 40 40 124
1 79 165 117 235
1 160 214 198 274
1 183 264 209 334
1 125 254 171 312
1 102 288 146 348
1 62 283 92 355
1 223 123 261 191
1 362 150 398 218
1 383 206 449 238
1 293 148 343 194
1 582 204 622 262
1 534 200 570 258
1 414 325 446 391
1 367 269 407 333
1 299 260 337 322
1 278 235 318 293
1 218 314 254 366
1 -1 240 47 270
