0 435 154 475 230
0 408 165 446 239
0 521 165 587 227
0 560 132 614 202
0 426 311 478 393
0 212 171 258 245
0 276 100 330 160
0 254 222 292 292
1 538 301 610 337
1 591 414 627 472
1 244 417 282 479
1 50 409 120 451
1 0 355 40 439
1 79 244 117 314
1 160 206 198 266
1 183 145 209 215
1 125 167 171 225
1 102 131 146 191
1 62 125 92 197
1 223 288 261 356
1 362 262 398 330
1 383 242 449 274
1 293 285 343 331
1 582 217 622 275
1 534 222 570 280
1 414 89 446 155
1 367 147 407 211
1 299 157 337 219
1 278 186 318 244
1 218 113 254 165
1 -1 209 47 239
