0 164 250 204 326
0 195 241 231 315
0 52 253 118 315
0 25 277 79 347
0 161 87 213 169
0 382 235 428 309
0 310 319 364 379
0 349 188 385 258
1 30 143 102 179
1 13 7 49 65
1 358 0 396 62
1 521 29 589 71
1 601 40 639 124
1 522 165 560 235
1 442 215 480 273
1 430 264 456 334
1 468 254 514 312
1 493 289 537 349
1 549 283 577 355
1 378 124 416 192
1 242 150 278 218
1 190 207 256 237
1 296 148 346 194
1 19 204 57 262
1 69 200 105 258
1 194 325 226 391
1 233 269 273 333
1 302 260 340 322
1 323 235 361 293
1 386 314 422 366
1 593 241 639 271
