0 495 129 543 197
0 450 132 486 206
0 402 137 450 207
0 387 187 447 251
0 338 143 390 215
0 314 288 372 360
0 326 364 394 428
0 590 312 628 394
1 251 264 285 328
1 141 237 173 305
1 62 222 122 264
1 265 380 317 434
1 356 217 404 269
1 318 207 362 271
1 289 240 337 294
1 265 189 315 243
1 264 123 300 187
1 168 162 230 204
1 105 161 169 197
1 150 130 222 164
1 45 156 85 220
1 508 425 542 479
1 474 211 514 275
1 432 221 478 273
1 306 120 336 184
0 506 245 570 305
1 366 295 398 349
1 73 123 135 167
1 0 176 22 236
