0 96 282 144 350
0 154 273 190 347
0 190 273 238 343
0 192 228 252 292
0 251 266 301 336
0 267 120 325 190
0 247 51 313 115
0 11 86 49 168
1 354 153 388 215
1 466 174 498 242
1 518 217 578 257
1 323 47 375 99
1 236 211 284 263
1 278 209 322 273
1 303 185 351 239
1 326 237 374 291
1 339 293 375 355
1 410 277 472 317
1 471 283 533 319
1 418 316 490 350
1 555 259 595 323
1 97 0 131 54
1 127 204 165 268
1 162 206 208 258
1 303 296 333 360
0 71 175 133 235
1 242 130 274 184
1 505 313 567 357
1 619 243 639 303
