0 479 399 525 475
0 252 359 310 431
0 553 307 599 381
0 488 273 550 335
0 439 274 487 350
0 239 88 281 164
0 429 315 473 403
1 342 360 380 428
1 198 394 254 440
1 159 436 215 476
1 178 216 214 286
1 142 188 182 252
1 107 142 141 212
1 66 174 108 242
1 344 209 382 271
1 286 197 324 263
1 271 279 305 347
1 528 389 570 447
1 454 140 514 178
0 289 146 359 206
1 352 116 384 176
1 177 145 237 191
0 156 105 238 147
1 567 121 605 179
0 608 286 640 362
0 374 274 450 318
1 407 227 443 285
1 306 268 358 344
