0 455 179 541 223
0 268 318 306 400
0 98 337 140 413
0 99 234 151 304
0 176 195 250 245
0 172 129 214 207
1 120 281 182 313
1 195 234 239 276
1 295 288 361 320
1 388 225 420 293
1 285 234 335 280
1 334 223 374 283
1 487 272 557 302
1 472 224 518 276
1 506 161 564 199
0 470 101 544 157
1 275 120 305 186
1 251 146 273 204
1 294 177 330 239
1 328 171 368 235
1 362 153 394 219
1 300 139 364 179
1 0 296 64 326
1 10 226 46 284
1 27 406 81 444
1 134 332 192 370
1 188 293 224 363
1 210 326 254 382
1 100 161 170 195
1 206 76 278 104
1 543 100 619 126
0 26 79 90 159
0 162 85 206 149
1 208 145 250 189
